113,196
113,195
113,194
113,193
113,192
113,191
113,164
113,163
113,162
113,161
113,160
113,159
113,158
113,157
113,156
113,155
113,154
113,153
113,152
113,151
113,150
113,149
113,148
113,147
113,146
113,145
113,144
113,143
113,142
113,141
113,140
113,139
113,138
113,137
113,136
113,135
113,134
113,133
113,132
113,131
113,130
113,129
113,128
113,127
113,126
113,125
113,124
113,123
113,122
113,121
113,120
113,119
113,118
113,117
113,116
113,115
113,114
113,113
113,112
113,111
113,110
113,109
113,108
113,107
113,106
113,105
113,104
113,103
113,102
113,101
113,100
113,99
113,98
113,97
113,96
113,95
113,94
113,93
113,92
113,91
113,90
113,89
113,88
113,87
113,86
113,85
113,84
113,83
113,82
113,81
113,80
113,79
113,78
113,77
113,76
113,75
113,74
113,73
113,72
113,71
113,70
113,69
113,68
113,67
113,66
113,65
113,64
113,63
113,62
113,61
113,60
113,59
113,58
113,57
113,56
113,55
113,54
113,53
113,52
113,51
113,50
113,49
113,48
113,47
113,46
113,45
113,44
113,43
113,42
113,41
113,40
113,39
113,38
113,37
113,36
113,35
113,34
113,33
113,32
113,31
113,30
113,29
113,28
113,27
113,26
113,25
113,24
113,23
113,22
113,21
113,20
113,19
113,18
113,17
113,16
113,15
113,14
113,13
113,12
113,11
113,10
113,9
113,8
113,7
113,6
113,5
113,4
113,3
113,2
113,1
113,0
112,3
112,2
112,1
112,0
111,3
111,2
111,1
111,0
110,6
110,5
110,4
110,3
110,2
110,1
110,0
109,4
109,3
109,2
109,1
109,0
108,3
108,2
108,1
108,0
107,3
107,2
107,1
107,0
106,6
106,5
106,4
106,3
106,2
106,1
106,0
105,3
105,2
105,1
105,0
104,3
104,2
104,1
104,0
19,4
19,3
19,2
7,3
5,7
5,6
5,5
5,4
5,3
5,0
4,3
3,2
3,0
2,2
2,0
1,2
1,0
0,59
0,58
0,57
0,56
0,55
0,9
0,2
0,0
113,197
113,198
113,200
113,201
113,203
113,204
113,206
113,208
113,209
113,211
113,212
113,214
113,216
113,217
113,219
113,220
113,222
113,223
113,225
113,227
113,228
113,230
113,231
113,233
113,235
113,236
113,238
113,239
113,241
113,242
113,244
113,246
113,247
113,249
113,250
113,252
113,254
113,255
113,257
113,258
113,260
113,261
113,263
113,265
113,266
113,268
113,269
113,271
113,273
113,274
113,276
113,277
113,279
113,281
113,282
113,284
113,285
113,287
113,288
113,290
113,292
113,293
113,295
113,296
113,298
113,300
113,301
113,303
113,304
113,306
113,307
113,309
113,311
113,312
113,314
113,315
113,317
113,319
113,320
113,322
113,323
113,325
113,326
113,328
113,330
113,331
113,333
113,334
113,336
113,338
113,339
113,341
113,342
113,344
113,346
113,347
113,349
113,350
113,352
113,353
113,355
113,357
113,358
113,360
113,361
113,363
113,365
113,366
113,368
113,369
113,371
113,372
113,374
113,376
113,377
113,379
113,380
113,382
113,384
113,385
113,387
113,388
113,390
113,391
113,393
113,395
113,396
113,398
113,399
113,401
113,403
113,404
113,406
113,407
113,409
113,410
113,412
113,414
113,415
113,417
113,418
113,420
113,422
113,423
113,425
113,426
113,428
113,430
113,431
113,433
113,434
113,436
113,437
113,439
113,441
113,442
113,444
113,445
113,447
113,449
113,450
113,452
113,453
113,455
113,456
113,458
113,460
113,461
113,463
113,464
113,466
113,468
113,469
113,471
113,472
113,474
113,475
113,477
113,479
113,480
113,482
113,483
113,485
113,487
113,488
113,490
113,491
113,493
113,495
113,496
113,498
113,499
113,501
113,502
113,504
113,506
113,507
113,509
113,510
113,512
113,514
113,515
113,517
113,518
113,520
113,521
113,523
113,525
113,526
113,528
113,529
113,531
113,533
113,534
113,536
113,537
113,539
113,540
113,542
113,544
113,545
113,547
113,548
113,550
113,552
113,553
113,555
113,556
113,558
113,559
113,561
113,563
113,564
113,566
113,567
113,569
113,571
113,572
113,574
113,575
113,577
113,579
113,580
113,582
113,583
113,585
113,586
113,588
113,590
113,591
113,593
113,594
113,596
113,598
113,599
113,601
113,602
113,604
113,605
113,607
113,609
113,610
113,612
113,613
113,615
113,617
113,618
113,620
113,621
113,623
113,624
113,626
113,628
113,629
113,631
113,632
113,634
113,636
113,637
113,639
113,640
113,642
113,644
113,645
113,647
113,648
113,650
113,651
113,653
113,655
113,656
113,658
113,659
113,661
113,663
113,664
113,666
113,667
113,669
113,670
113,672
113,674
113,675
113,677
113,678
113,680
113,682
113,683
113,685
113,686
113,688
113,689
113,691
113,693
113,694
113,696
113,697
113,699
113,701
113,702
113,704
113,705
113,707
113,709
113,710
113,712
113,713
113,715
113,716
113,718
113,720
113,721
113,723
113,724
113,726
113,728
113,729
113,731
113,732
113,734
113,735
113,737
113,739
113,740
113,742
113,743
113,745
113,747
113,748
113,750
113,751
113,753
113,754
113,756
113,758
113,759
113,761
113,762
113,764
113,766
113,767
113,769
113,770
113,772
113,773
113,775
113,777
113,778
113,780
113,781
113,783
113,785
113,786
113,788
113,789
113,791
113,793
113,794
113,796
113,797
113,799
113,800
113,802
113,804
113,805
113,807
113,808
113,810
113,812
113,813
113,815
113,816
113,833
113,834
113,836
113,838
113,839
113,841
113,842
113,844
113,846
113,847
113,849
113,850
113,852
113,853
113,855
113,857
113,858
113,860
113,861
113,863
113,865
113,866
113,868
113,869
113,871
113,873
113,874
113,876
113,877
113,879
113,880
113,882
113,884
113,885
113,887
113,888
113,890
113,892
113,893
113,895
113,896
113,898
113,899
113,901
113,903
113,904
113,906
113,907
113,909
113,911
113,912
113,914
113,915
113,917
113,918
113,920
113,922
113,923
113,925
113,926
113,928
113,930
113,931
113,933
113,934
113,936
113,937
113,939
113,941
113,942
113,944
113,945
113,947
113,949
113,950
113,952
113,953
113,955
113,957
113,958
113,960
113,961
113,963
113,964
113,966
113,968
113,969
113,971
113,1024
113,1026
113,1028
113,1029
113,1031
113,1032
113,1034
113,1035
113,1037
113,1039
113,1040
113,1042
113,1043
113,1045
113,1047
113,1048
113,1050
113,1051
113,1053
113,1054
113,1056
113,1058
113,1059
113,1061
113,1062
113,1064
113,1066
113,1067
113,1069
113,1070
113,1072
113,1074
113,1075
113,1077
113,1078
113,1080
113,1081
113,1083
113,1085
113,1086
113,1088
113,1089
113,1091
113,1093
113,1094
113,1096
113,1097
113,1099
113,1100
113,1102
113,1104
113,1105
113,1107
113,1108
113,1110
113,1112
113,1113
113,1115
113,1116
113,1118
113,1119
113,1121
113,1123
113,1124
113,1126
113,1127
113,1129
113,1131
113,1132
113,1134
113,1135
113,1137
113,1138
113,1140
113,1142
113,1143
113,1145
113,1146
113,1148
113,1150
113,1151
113,1153
113,1154
114,1
114,3
115,0
115,2
115,3
116,1
116,2
116,4
117,1
117,2
118,0
118,1
118,3
118,5
118,7
118,9
118,10
118,12
118,13
118,15
119,0
119,1
119,3
120,0
120,2
121,0
121,1
121,3
122,0
122,2
122,3
123,1
123,3
123,4
124,0
124,1
124,3
125,1
125,2
126,0
126,1
126,3
127,1
127,2
128,0
128,1
128,3
129,0
129,2
129,4
129,6
129,8
129,9
129,11
129,13
129,14
129,16
129,17
129,19
129,20
129,22
129,24
129,25
129,27
129,28
129,30
130,1
130,2
130,4
131,0
131,2
131,3
132,1
132,3
132,4
133,1
133,2
134,0
134,2
134,3
135,1
135,2
136,0
136,2
136,3
137,1
137,2
138,0
138,1
138,3
139,1
139,2
139,4
140,0
140,2
141,0
141,1
141,3
142,0
142,2
142,3
143,1
143,3
144,0
144,2
144,3
145,1
145,3
146,0
146,2
146,3
147,1
147,2
148,0
148,2
148,3
149,1
149,2
149,4
149,7
149,8
150,1
150,2
150,4
151,0
151,2
152,0
152,1
152,3
153,0
153,2
154,0
154,1
154,3
154,4
155,1
155,3
155,4
156,1
156,2
157,0
157,1
157,3
158,1
158,2
159,0
159,1
159,3
160,1
160,2
161,0
161,1
161,3
162,0
162,2
162,4
162,5
163,1
163,2
163,4
164,1
164,2
165,0
165,1
165,3
166,0
166,2
167,0
167,1
167,3
167,4
168,1
168,3
169,0
169,2
169,3
170,1
170,3
171,0
171,2
171,3
171,5
171,6
171,8
171,10
171,11
171,13
171,14
171,16
171,18
171,19
171,21
171,22
171,24
171,25
171,27
171,29
171,30
171,32
171,33
171,36
172,1
172,2
172,4
173,0
173,2
173,3
174,1
174,3
175,0
175,2
175,3
176,1
176,3
177,0
177,2
177,3
178,1
178,2
179,0
179,2
179,3
179,5
180,0
180,2
181,0
181,1
181,3
181,4
182,0
182,2
182,3
183,1
183,2
184,0
184,1
184,3
185,1
185,2
186,0
186,1
186,3
187,1
187,2
188,0
188,1
188,3
188,4
189,0
189,2
189,3
189,4
189,1
188,5
188,2
187,3
187,0
186,2
185,3
185,0
184,2
183,3
183,0
182,1
181,5
181,2
180,3
180,1
179,4
179,1
178,3
178,0
177,1
176,2
176,0
175,1
174,2
174,0
173,1
172,3
172,0
171,35
171,31
171,28
171,26
171,23
171,20
171,17
171,15
171,12
171,9
171,7
171,4
171,1
170,2
170,0
169,1
168,2
168,0
167,2
166,3
166,1
165,2
164,3
164,0
163,3
163,0
162,3
162,1
161,2
160,3
160,0
159,2
158,3
158,0
157,2
156,3
156,0
155,2
155,0
154,2
153,3
153,1
152,2
151,3
151,1
150,3
150,0
149,5
149,3
149,0
148,1
147,3
147,0
146,1
145,2
145,0
144,1
143,2
143,0
142,1
141,2
140,3
140,1
139,3
139,0
138,2
137,3
137,0
136,1
135,3
135,0
134,1
133,3
133,0
132,2
132,0
131,1
130,3
130,0
129,29
129,26
129,23
129,21
129,18
129,15
129,12
129,10
129,7
129,3
129,1
128,2
127,3
127,0
126,2
125,3
125,0
124,2
123,5
123,2
123,0
122,1
121,2
120,3
120,1
119,2
118,16
118,14
118,11
118,8
118,4
118,2
117,3
117,0
116,3
116,0
115,1
114,2
114,0
113,1152
113,1149
113,1147
113,1144
113,1141
113,1139
113,1136
113,1133
113,1130
113,1128
113,1125
113,1122
113,1120
113,1117
113,1114
113,1111
113,1109
113,1106
113,1103
113,1101
113,1098
113,1095
113,1092
113,1090
113,1087
113,1084
113,1082
113,1079
113,1076
113,1073
113,1071
113,1068
113,1065
113,1063
113,1060
113,1057
113,1055
113,1052
113,1049
113,1046
113,1044
113,1041
113,1038
113,1036
113,1033
113,1030
113,1027
113,1025
113,970
113,967
113,965
113,962
113,959
113,956
113,954
113,951
113,948
113,946
113,943
113,940
113,938
113,935
113,932
113,929
113,927
113,924
113,921
113,919
113,916
113,913
113,910
113,908
113,905
113,902
113,900
113,897
113,894
113,891
113,889
113,886
113,883
113,881
113,878
113,875
113,872
113,870
113,867
113,864
113,862
113,859
113,856
113,854
113,851
113,848
113,845
113,843
113,840
113,837
113,835
113,832
113,814
113,811
113,809
113,806
113,803
113,801
113,798
113,795
113,792
113,790
113,787
113,784
113,782
113,779
113,776
113,774
113,771
113,768
113,765
113,763
113,760
113,757
113,755
113,752
113,749
113,746
113,744
113,741
113,738
113,736
113,733
113,730
113,727
113,725
113,722
113,719
113,717
113,714
113,711
113,708
113,706
113,703
113,700
113,698
113,695
113,692
113,690
113,687
113,684
113,681
113,679
113,676
113,673
113,671
113,668
113,665
113,662
113,660
113,657
113,654
113,652
113,649
113,646
113,643
113,641
113,638
113,635
113,633
113,630
113,627
113,625
113,622
113,619
113,616
113,614
113,611
113,608
113,606
113,603
113,600
113,597
113,595
113,592
113,589
113,587
113,584
113,581
113,578
113,576
113,573
113,570
113,568
113,565
113,562
113,560
113,557
113,554
113,551
113,549
113,546
113,543
113,541
113,538
113,535
113,532
113,530
113,527
113,524
113,522
113,519
113,516
113,513
113,511
113,508
113,505
113,503
113,500
113,497
113,494
113,492
113,489
113,486
113,484
113,481
113,478
113,476
113,473
113,470
113,467
113,465
113,462
113,459
113,457
113,454
113,451
113,448
113,446
113,443
113,440
113,438
113,435
113,432
113,429
113,427
113,424
113,421
113,419
113,416
113,413
113,411
113,408
113,405
113,402
113,400
113,397
113,394
113,392
113,389
113,386
113,383
113,381
113,378
113,375
113,373
113,370
113,367
113,364
113,362
113,359
113,356
113,354
113,351
113,348
113,345
113,343
113,340
113,337
113,335
113,332
113,329
113,327
113,324
113,321
113,318
113,316
113,313
113,310
113,308
113,305
113,302
113,299
113,297
113,294
113,291
113,289
113,286
113,283
113,280
113,278
113,275
113,272
113,270
113,267
113,264
113,262
113,259
113,256
113,253
113,251
113,248
113,245
113,243
113,240
113,237
113,234
113,232
113,229
113,226
113,224
113,221
113,218
113,215
113,213
113,210
113,207
113,205
113,202
113,199
1,45
3,44
2,44
1,44
3,43
2,43
1,43
3,42
2,42
1,42
3,41
2,41
1,41
3,40
2,40
1,40
3,39
2,39
1,39
3,38
2,38
1,38
3,37
2,37
1,37
3,36
2,36
1,36
3,35
2,35
1,35
3,34
2,34
1,34
3,33
2,33
1,33
3,32
2,32
1,32
3,31
2,31
1,31
3,30
2,30
1,30
3,29
2,29
1,29
3,28
2,28
1,28
3,27
2,27
1,27
3,26
2,26
1,26
3,25
2,25
1,25
3,24
2,24
1,24
3,23
2,23
1,23
3,22
2,22
1,22
3,21
2,21
1,21
3,20
2,20
1,20
3,19
2,19
1,19
3,18
2,18
1,18
3,17
2,17
1,17
3,16
2,16
1,16
3,15
2,15
1,15
3,14
2,14
1,14
3,13
2,13
1,13
3,12
2,12
1,12
3,11
2,11
1,11
3,10
2,10
1,10
3,9
2,9
1,9
3,8
2,8
1,8
3,7
2,7
1,7
3,6
2,6
1,6
3,5
2,5
1,5
3,4
2,4
1,4
3,3
2,3
1,3
0,6
0,5
0,47
0,46
0,49
0,48
0,45
0,12
0,50
0,10
0,8
0,11
0,7
0,4
0,3
